Title=$ > 4 294 967 296 pls!
Attempts=1
Offset=0
Size=258,25
200,0,112.5,112.5
400,0,158.73,46.23
800,0,268.85,110.12
1600,0,312.94,44.09
3200,0,357.43,44.49
6400,0,398.97,41.54
12800,0,440.49,41.52
25600,0,478.26,37.77
51200,0,510.69,32.43
102 400,0,544.42,33.73
204 800,0,575.23,30.8100000000001
409 600,0,621.23,46
819 200,0,649.32,28.09
1 638 400,0,676.95,27.63
3 276 800,0,709.94,32.99
6 553 600,0,737.53,27.5899999999999
13 107 200,0,762.05,24.52
26 214 400,0,802.5,40.45
52 428 800,0,894.03,91.53
104 857 600,0,951.85,57.8200000000001
209 715 200,0,1032.13,80.2800000000001
419 430 400,0,1207.58,175.45
838 860 800,0,1516.49,308.91
1 677 721 600,0,1811.99,295.5
3 355 443 200/Give up,0,4853.96,3041.97
6 710 886 400,0,4854.49,0.529999999999745
Icons="","","","","","","","","","","","","","","","","","","","","","","","","",""
